gbu
[-1.00308443955e-06, 0.000109319671245, -0.00511030917602, 0.134225942574, -2.17652896364, 22.4438785859, -144.621055537, 532.931223015, -818.252752483, -135.884983131, 1687.82024869]

gbd
[-0.000172471411178, 0.0159890490833, -0.602110974228, 11.7443492102, -124.522704423, 676.349943652, -1490.36861775, 648.048901187, 1470.93828307]

gau
[-5.81112658562e-07, 6.37419649161e-05, -0.00302446756423, 0.0813760542257, -1.36259198627, 14.5693979154, -97.0834098303, 364.528345285, -532.853201384, -229.367239839, 1619.15298156]

gad
[-6.81077097341e-07, 7.05429933723e-05, -0.00312725239443, 0.0786490224715, -1.26071509318, 13.651295323, -99.5380490007, 436.79472203, -807.739766424, 63.9682286788, 1491.71184382]

pbu
[3.70204557043e-07, -4.30527893412e-05, 0.00207358064481, -0.0530091207001, 0.759046553612, -5.72292919652, 15.6502621843, 43.4033809984, -251.353170233, 211.970138972, 185.741847391]

pbd
[-3.17924989149e-06, 0.000284027668872, -0.00995312174726, 0.168750874386, -1.30445079083, 1.71270241657, 28.7888271572, -78.6878691422, -39.5814038074, 338.643855421]

pau
[-3.4254423242e-07, 3.2086845451e-05, -0.00120120525597, 0.022729657215, -0.227258577962, 1.21597639486, -5.15912010743, 30.381515264, -66.821398373, -25.9780406881, 323.523340224]

pad
[1.10815138667e-06, -0.000127221738881, 0.00611596653591, -0.159159351009, 2.41585005985, -21.3919198483, 103.592131637, -232.82263525, 188.347476486, -78.1087346542, 400.365041013]


       gbd gbu
pad               pbd
pau               pbu
       gad gau